AudioFundamentalFrequencyType: 314.2747262624643
HarmonicRatio: 0.5956607038516146
UpperLimitOfHarmonicity: 5703.566674187726
AudioPowerType: 0.017000177093144827
AudioSpectrumBasisType: 0.01923244391470588
AudioSpectrumProjectionType: 33.770703403955615
AudioSpectrumCentroidType: -3.5213114033556656
AudioSpectrumEnvelopeType: 4.996512444470254E-4
AudioSpectrumFlatnessType: 0.7637547474892095
AudioSpectrumSpreadType: 1.8954670906075435
LogAttackTimeType: 2.1483715
SpectralCentroidType: 203.62552
TemporalCentroidType: 316.39893
HarmonicSpectralCentroidType: 935.1623
HarmonicSpectralDeviationType: 0.1568931
HarmonicSpectralSpreadType: 0.75058776
HarmonicSpectralVariationType: 0.11569123
BackgroundNoiseLevel: -114.9925
DcOffset: 0.0
BandWidth: 10572.8027
