AudioFundamentalFrequencyType: 539.8445679510824
HarmonicRatio: 0.5946182556524625
UpperLimitOfHarmonicity: 4726.010945779586
AudioPowerType: 0.128164870941374
AudioSpectrumBasisType: 0.02160376927132353
AudioSpectrumProjectionType: 24.53454885706573
AudioSpectrumCentroidType: -3.5836807260933288
AudioSpectrumEnvelopeType: 0.0037673662820465457
AudioSpectrumFlatnessType: 0.7432752734997424
AudioSpectrumSpreadType: 2.2156160008145163
LogAttackTimeType: 2.1358576
SpectralCentroidType: 364.99988
TemporalCentroidType: 102.3079
HarmonicSpectralCentroidType: NaN
HarmonicSpectralDeviationType: NaN
HarmonicSpectralSpreadType: NaN
HarmonicSpectralVariationType: NaN
BackgroundNoiseLevel: -103.5606
DcOffset: 0.0
BandWidth: 14695.3125
