AudioFundamentalFrequencyType: 162.46366000350056
HarmonicRatio: 0.5520906611323985
UpperLimitOfHarmonicity: 3104.405872597919
AudioPowerType: 0.03266371828428154
AudioSpectrumBasisType: 0.015807717457242652
AudioSpectrumProjectionType: 32.30873801289608
AudioSpectrumCentroidType: -3.8253676021159264
AudioSpectrumEnvelopeType: 9.600313833013909E-4
AudioSpectrumFlatnessType: 0.7882552153300045
AudioSpectrumSpreadType: 1.5428791936870796
LogAttackTimeType: 2.2530737
SpectralCentroidType: 178.42839
TemporalCentroidType: 213.28001
HarmonicSpectralCentroidType: 406.6299
HarmonicSpectralDeviationType: 0.14050159
HarmonicSpectralSpreadType: 0.8004485
HarmonicSpectralVariationType: 0.10538406
BackgroundNoiseLevel: -119.7538
DcOffset: 0.0
BandWidth: 11304.9316
