AudioFundamentalFrequencyType: 193.7728225179015
HarmonicRatio: 0.5741634939637553
UpperLimitOfHarmonicity: 1973.0816585249297
AudioPowerType: 0.01103482435779018
AudioSpectrumBasisType: 0.021769815476470587
AudioSpectrumProjectionType: 37.97538563572855
AudioSpectrumCentroidType: -3.815243249499323
AudioSpectrumEnvelopeType: 3.2433094471089914E-4
AudioSpectrumFlatnessType: 0.7385202461534495
AudioSpectrumSpreadType: 1.818326177124423
LogAttackTimeType: 2.259533
SpectralCentroidType: 257.55734
TemporalCentroidType: 200.51404
HarmonicSpectralCentroidType: NaN
HarmonicSpectralDeviationType: NaN
HarmonicSpectralSpreadType: NaN
HarmonicSpectralVariationType: NaN
BackgroundNoiseLevel: -119.7538
DcOffset: 0.0
BandWidth: 10357.4707
