AudioFundamentalFrequencyType: 280.32480824292816
HarmonicRatio: 0.8180985002861653
UpperLimitOfHarmonicity: 4042.607875168995
AudioPowerType: 0.11961295673885161
AudioSpectrumBasisType: 0.02089227616691177
AudioSpectrumProjectionType: 27.804465795126195
AudioSpectrumCentroidType: -3.4273622330734907
AudioSpectrumEnvelopeType: 0.0035160398570333955
AudioSpectrumFlatnessType: 0.7264875423623974
AudioSpectrumSpreadType: 2.309519973568564
LogAttackTimeType: 2.0927827
SpectralCentroidType: 393.60626
TemporalCentroidType: 101.14498
HarmonicSpectralCentroidType: NaN
HarmonicSpectralDeviationType: NaN
HarmonicSpectralSpreadType: NaN
HarmonicSpectralVariationType: NaN
BackgroundNoiseLevel: -100.7365
DcOffset: -1.0E-4
BandWidth: 12703.125
