AudioFundamentalFrequencyType: 320.60267824002557
HarmonicRatio: 0.7824198051604812
UpperLimitOfHarmonicity: 4651.069041179772
AudioPowerType: 0.05695133760523051
AudioSpectrumBasisType: 0.016888284301102934
AudioSpectrumProjectionType: 27.79094591666966
AudioSpectrumCentroidType: -3.530614110158159
AudioSpectrumEnvelopeType: 0.0016739465081656985
AudioSpectrumFlatnessType: 0.7509034452720414
AudioSpectrumSpreadType: 2.2880394125398036
LogAttackTimeType: 2.2177098
SpectralCentroidType: 428.9541
TemporalCentroidType: 105.27482
HarmonicSpectralCentroidType: 1660.446
HarmonicSpectralDeviationType: 0.1960042
HarmonicSpectralSpreadType: 1.0227866
HarmonicSpectralVariationType: 0.17327072
BackgroundNoiseLevel: -111.875
DcOffset: 0.0
BandWidth: 12898.3887
