AudioFundamentalFrequencyType: 871.5177979376022
HarmonicRatio: 0.614680720275048
UpperLimitOfHarmonicity: 6658.94894003227
AudioPowerType: 0.1009600439233274
AudioSpectrumBasisType: 0.02109374725220589
AudioSpectrumProjectionType: 25.847600678619845
AudioSpectrumCentroidType: -3.0793040259063362
AudioSpectrumEnvelopeType: 0.002967661304823794
AudioSpectrumFlatnessType: 0.7515593547133177
AudioSpectrumSpreadType: 2.3684427895330615
LogAttackTimeType: 2.2837062
SpectralCentroidType: 460.84787
TemporalCentroidType: 118.53702
HarmonicSpectralCentroidType: NaN
HarmonicSpectralDeviationType: NaN
HarmonicSpectralSpreadType: NaN
HarmonicSpectralVariationType: NaN
BackgroundNoiseLevel: -117.1214
DcOffset: -2.0E-4
BandWidth: 15726.5625
