AudioFundamentalFrequencyType: 208.52232064878277
HarmonicRatio: 0.7775617115594476
UpperLimitOfHarmonicity: 2652.1083625011825
AudioPowerType: 0.02149717694448252
AudioSpectrumBasisType: 0.01831713332158088
AudioSpectrumProjectionType: 41.1377883275512
AudioSpectrumCentroidType: -3.766109867495746
AudioSpectrumEnvelopeType: 6.319138843293519E-4
AudioSpectrumFlatnessType: 0.7617740928957479
AudioSpectrumSpreadType: 1.7649120338755468
LogAttackTimeType: 1.6616024
SpectralCentroidType: 270.3358
TemporalCentroidType: 53.569515
HarmonicSpectralCentroidType: NaN
HarmonicSpectralDeviationType: NaN
HarmonicSpectralSpreadType: NaN
HarmonicSpectralVariationType: NaN
BackgroundNoiseLevel: -113.6958
DcOffset: 0.0
BandWidth: 11089.5996
