AudioFundamentalFrequencyType: 210.64769283853022
HarmonicRatio: 0.6063150123975439
UpperLimitOfHarmonicity: 3776.2365941389353
AudioPowerType: 0.0028015905064739054
AudioSpectrumBasisType: 0.016866827287610298
AudioSpectrumProjectionType: 41.45325684589129
AudioSpectrumCentroidType: -3.6325677964003846
AudioSpectrumEnvelopeType: 8.23516470314869E-5
AudioSpectrumFlatnessType: 0.781699551129075
AudioSpectrumSpreadType: 1.6806168388328095
LogAttackTimeType: 1.982563
SpectralCentroidType: 139.5343
TemporalCentroidType: 135.98273
HarmonicSpectralCentroidType: NaN
HarmonicSpectralDeviationType: NaN
HarmonicSpectralSpreadType: NaN
HarmonicSpectralVariationType: NaN
BackgroundNoiseLevel: -103.3476
DcOffset: 0.0
BandWidth: 3445.3125
