AudioFundamentalFrequencyType: 282.6544229923284
HarmonicRatio: 0.600145943011572
UpperLimitOfHarmonicity: 3983.413495132063
AudioPowerType: 0.009817391662417295
AudioSpectrumBasisType: 0.020194588060610304
AudioSpectrumProjectionType: 38.05933663075019
AudioSpectrumCentroidType: -3.5052198079459624
AudioSpectrumEnvelopeType: 2.885555191879448E-4
AudioSpectrumFlatnessType: 0.7655353605000289
AudioSpectrumSpreadType: 1.8617927553707452
LogAttackTimeType: 2.0811872
SpectralCentroidType: 315.45456
TemporalCentroidType: 90.97084
HarmonicSpectralCentroidType: 680.4924
HarmonicSpectralDeviationType: 0.14919461
HarmonicSpectralSpreadType: 0.7441912
HarmonicSpectralVariationType: 0.1242719
BackgroundNoiseLevel: -105.8238
DcOffset: 0.0
BandWidth: 11821.7285
