AudioFundamentalFrequencyType: 222.87537271292055
HarmonicRatio: 0.8399991069912547
UpperLimitOfHarmonicity: 3039.374228712464
AudioPowerType: 0.004403691365591406
AudioSpectrumBasisType: 0.01949897045772059
AudioSpectrumProjectionType: 44.07501120653101
AudioSpectrumCentroidType: -3.679530663189684
AudioSpectrumEnvelopeType: 1.2944412490691398E-4
AudioSpectrumFlatnessType: 0.6880040012602484
AudioSpectrumSpreadType: 1.9118584070406357
LogAttackTimeType: 2.0460978
SpectralCentroidType: 282.02875
TemporalCentroidType: 82.60809
HarmonicSpectralCentroidType: NaN
HarmonicSpectralDeviationType: NaN
HarmonicSpectralSpreadType: NaN
HarmonicSpectralVariationType: NaN
BackgroundNoiseLevel: -117.0179
DcOffset: 0.0
BandWidth: 10637.4023
