AudioFundamentalFrequencyType: 474.94558971092914
HarmonicRatio: 0.8000392110495148
UpperLimitOfHarmonicity: 6208.391230733302
AudioPowerType: 0.05444459711276943
AudioSpectrumBasisType: 0.02108934678869116
AudioSpectrumProjectionType: 25.861061494155773
AudioSpectrumCentroidType: -3.1024098642088873
AudioSpectrumEnvelopeType: 0.0016002416938265577
AudioSpectrumFlatnessType: 0.7511255558486217
AudioSpectrumSpreadType: 2.350448672265447
LogAttackTimeType: 2.0161846
SpectralCentroidType: 525.86523
TemporalCentroidType: 110.23417
HarmonicSpectralCentroidType: 1367.1323
HarmonicSpectralDeviationType: 0.1900909
HarmonicSpectralSpreadType: 0.9012799
HarmonicSpectralVariationType: 0.157142
BackgroundNoiseLevel: -104.0234
DcOffset: 2.0E-4
BandWidth: 12790.7227
