AudioFundamentalFrequencyType: 429.55414223457757
HarmonicRatio: 0.8133283476250849
UpperLimitOfHarmonicity: 3174.5210626587636
AudioPowerType: 0.11564500640521516
AudioSpectrumBasisType: 0.020636021605514705
AudioSpectrumProjectionType: 27.51018013434816
AudioSpectrumCentroidType: -3.7155090329829203
AudioSpectrumEnvelopeType: 0.0033991398286199823
AudioSpectrumFlatnessType: 0.733522059518001
AudioSpectrumSpreadType: 2.010922784592914
LogAttackTimeType: 1.2813839
SpectralCentroidType: 285.08344
TemporalCentroidType: 107.01362
HarmonicSpectralCentroidType: 1190.7657
HarmonicSpectralDeviationType: 0.19929259
HarmonicSpectralSpreadType: 0.7735216
HarmonicSpectralVariationType: 0.15684336
BackgroundNoiseLevel: -119.7536
DcOffset: 0.0
BandWidth: 11950.9277
