AudioFundamentalFrequencyType: 597.5104606494583
HarmonicRatio: 0.5244511207763846
UpperLimitOfHarmonicity: 7582.494910078046
AudioPowerType: 8.039382077817748E-4
AudioSpectrumBasisType: 0.01833957469375
AudioSpectrumProjectionType: 38.89663810605153
AudioSpectrumCentroidType: -2.908278187278052
AudioSpectrumEnvelopeType: 2.363086456781896E-5
AudioSpectrumFlatnessType: 0.7651332129255273
AudioSpectrumSpreadType: 2.315988356498174
LogAttackTimeType: 2.013726
SpectralCentroidType: 620.37933
TemporalCentroidType: 70.97855
HarmonicSpectralCentroidType: 1747.4928
HarmonicSpectralDeviationType: 0.17876263
HarmonicSpectralSpreadType: 0.72247416
HarmonicSpectralVariationType: 0.1719165
BackgroundNoiseLevel: -95.3528
DcOffset: 0.0
BandWidth: 18453.9551
