AudioFundamentalFrequencyType: 335.06515180713075
STDev-AudioFundamentalFrequencyType: 0.026706239954966716
HarmonicRatio: 0.7941924334211257
STDev-HarmonicRatio: 0.001730048334247872
UpperLimitOfHarmonicity: 4126.795390980073
STDev-UpperLimitOfHarmonicity: 0.15671962848578
AudioPowerType: 0.02793957640799745
STDev-AudioPowerType: 3.0267536634754835E-4
AudioSpectrumBasisType: 0.021129974122242646
STDev-AudioSpectrumBasisType: 0.0025809696239883165
AudioSpectrumProjectionType: 28.245241483481394
STDev-AudioSpectrumProjectionType: 0.0031735672907217192
AudioSpectrumCentroidType: -3.55148029349836
STDev-AudioSpectrumCentroidType: NaN
AudioSpectrumEnvelopeType: 8.212068348251299E-4
STDev-AudioSpectrumEnvelopeType: 8.611070704724518E-6
AudioSpectrumFlatnessType: 0.7403697683458738
STDev-AudioSpectrumFlatnessType: 3.389911773092932E-4
AudioSpectrumSpreadType: 2.225517681900103
STDev-AudioSpectrumSpreadType: 0.002977476801530332
LogAttackTimeType: 1.6415708
STDev-LogAttackTimeType: 0.42707933168857
SpectralCentroidType: 448.69208
STDev-SpectralCentroidType: 7.060784344218109
TemporalCentroidType: 132.0707
STDev-TemporalCentroidType: 4.063106877747618
HarmonicSpectralCentroidType: 1343.7301
STDev-HarmonicSpectralCentroidType: 12.218974770595299
HarmonicSpectralDeviationType: 0.19754079
STDev-HarmonicSpectralDeviationType: 0.14054920490703604
HarmonicSpectralSpreadType: 0.95646745
STDev-HarmonicSpectralSpreadType: 0.30926807950385055
HarmonicSpectralVariationType: 0.17678413
STDev-HarmonicSpectralVariationType: 0.13296019329107492
BackgroundNoiseLevel: NaN
STDev-BackgroundNoiseLevel: NaN
DcOffset: NaN
STDev-DcOffset: NaN
BandWidth: NaN
STDev-BandWidth: NaN
