AudioFundamentalFrequencyType: 294.20354631860806
HarmonicRatio: 0.7915042112874823
UpperLimitOfHarmonicity: 4931.38246628131
AudioPowerType: 0.014801052531696415
AudioSpectrumBasisType: 0.023484046469485275
AudioSpectrumProjectionType: 31.584385886514088
AudioSpectrumCentroidType: -3.2996524988006355
AudioSpectrumEnvelopeType: 4.3505150300932055E-4
AudioSpectrumFlatnessType: 0.724362043215189
AudioSpectrumSpreadType: 2.4189791807346994
LogAttackTimeType: 2.1854105
SpectralCentroidType: 677.7263
TemporalCentroidType: 94.32481
HarmonicSpectralCentroidType: NaN
HarmonicSpectralDeviationType: NaN
HarmonicSpectralSpreadType: NaN
HarmonicSpectralVariationType: NaN
BackgroundNoiseLevel: -109.3399
DcOffset: -0.0269
BandWidth: 16795.8984
