AudioFundamentalFrequencyType: 596.348291138768
HarmonicRatio: 0.7652238121273179
UpperLimitOfHarmonicity: 6093.827342580868
AudioPowerType: 0.09052040639592714
AudioSpectrumBasisType: 0.02304633230772058
AudioSpectrumProjectionType: 22.132818314063254
AudioSpectrumCentroidType: -3.2730594235598756
AudioSpectrumEnvelopeType: 0.002660696759140017
AudioSpectrumFlatnessType: 0.7543624567093429
AudioSpectrumSpreadType: 2.6320323252650213
LogAttackTimeType: 1.6869168
SpectralCentroidType: 653.82007
TemporalCentroidType: 87.704445
HarmonicSpectralCentroidType: 2154.058
HarmonicSpectralDeviationType: 0.18979517
HarmonicSpectralSpreadType: 0.9033634
HarmonicSpectralVariationType: 0.22505093
BackgroundNoiseLevel: -97.4337
DcOffset: 3.0E-4
BandWidth: 11929.3945
