AudioFundamentalFrequencyType: 345.6094032529578
HarmonicRatio: 0.7721574589061171
UpperLimitOfHarmonicity: 5796.760722235472
AudioPowerType: 0.05711088750135405
AudioSpectrumBasisType: 0.023230020515220596
AudioSpectrumProjectionType: 26.61539770910526
AudioSpectrumCentroidType: -3.2592023501337533
AudioSpectrumEnvelopeType: 0.0016786130725751907
AudioSpectrumFlatnessType: 0.7476998495356924
AudioSpectrumSpreadType: 2.5231247633003533
LogAttackTimeType: 2.141134
SpectralCentroidType: 687.19073
TemporalCentroidType: 128.23145
HarmonicSpectralCentroidType: NaN
HarmonicSpectralDeviationType: NaN
HarmonicSpectralSpreadType: NaN
HarmonicSpectralVariationType: NaN
BackgroundNoiseLevel: -109.6711
DcOffset: -2.0E-4
BandWidth: 10745.0684
