AudioFundamentalFrequencyType: 335.93380895133646
HarmonicRatio: 0.7677245309105112
UpperLimitOfHarmonicity: 4986.806248218866
AudioPowerType: 0.05940941853122522
AudioSpectrumBasisType: 0.02301122794261029
AudioSpectrumProjectionType: 26.22795973373854
AudioSpectrumCentroidType: -3.2178443959280676
AudioSpectrumEnvelopeType: 0.0017461990861213001
AudioSpectrumFlatnessType: 0.7473946410286231
AudioSpectrumSpreadType: 2.5725338512418636
LogAttackTimeType: 2.0953698
SpectralCentroidType: 702.60315
TemporalCentroidType: 103.26821
HarmonicSpectralCentroidType: 1875.9779
HarmonicSpectralDeviationType: 0.20367083
HarmonicSpectralSpreadType: 0.8301101
HarmonicSpectralVariationType: 0.24707806
BackgroundNoiseLevel: -112.3661
DcOffset: 0.0
BandWidth: 15697.7051
