AudioFundamentalFrequencyType: 454.9994482346405
HarmonicRatio: 0.8305393764889805
UpperLimitOfHarmonicity: 3698.656609640695
AudioPowerType: 0.06111376205775189
AudioSpectrumBasisType: 0.020635637904926483
AudioSpectrumProjectionType: 26.12658255251136
AudioSpectrumCentroidType: -3.5918287445126156
AudioSpectrumEnvelopeType: 0.0017962071690404507
AudioSpectrumFlatnessType: 0.7217631041601518
AudioSpectrumSpreadType: 2.194343183176741
LogAttackTimeType: 1.6083696
SpectralCentroidType: 328.4175
TemporalCentroidType: 235.83115
HarmonicSpectralCentroidType: 1142.3345
HarmonicSpectralDeviationType: 0.20330237
HarmonicSpectralSpreadType: 0.8493717
HarmonicSpectralVariationType: 0.16563053
BackgroundNoiseLevel: -97.0204
DcOffset: -1.0E-4
BandWidth: 10702.002
