AudioFundamentalFrequencyType: 663.0181430118015
HarmonicRatio: 0.6317758798106768
UpperLimitOfHarmonicity: 8690.719134493
AudioPowerType: 0.09452242614198718
AudioSpectrumBasisType: 0.021193616153529406
AudioSpectrumProjectionType: 26.58481306758594
AudioSpectrumCentroidType: -3.4862217026827262
AudioSpectrumEnvelopeType: 0.0027782554695861238
AudioSpectrumFlatnessType: 0.7222664439526364
AudioSpectrumSpreadType: 2.349655571074112
LogAttackTimeType: 1.8075657
SpectralCentroidType: 553.29297
TemporalCentroidType: 125.95147
HarmonicSpectralCentroidType: NaN
HarmonicSpectralDeviationType: NaN
HarmonicSpectralSpreadType: NaN
HarmonicSpectralVariationType: NaN
BackgroundNoiseLevel: -119.7538
DcOffset: 0.0
BandWidth: 10917.334
