AudioFundamentalFrequencyType: 855.8099431109088
HarmonicRatio: 0.5495172179950137
UpperLimitOfHarmonicity: 9639.644037248423
AudioPowerType: 0.009213519016671336
AudioSpectrumBasisType: 0.023022719499816168
AudioSpectrumProjectionType: 32.730661821746445
AudioSpectrumCentroidType: -3.082324298734964
AudioSpectrumEnvelopeType: 2.70815864274201E-4
AudioSpectrumFlatnessType: 0.7483323635702351
AudioSpectrumSpreadType: 2.702137034088173
LogAttackTimeType: 2.0183485
SpectralCentroidType: 760.6637
TemporalCentroidType: 89.088715
HarmonicSpectralCentroidType: 2630.3672
HarmonicSpectralDeviationType: 0.18699269
HarmonicSpectralSpreadType: 0.6276201
HarmonicSpectralVariationType: 0.23423904
BackgroundNoiseLevel: -97.6878
DcOffset: -5.0E-4
BandWidth: 15245.5078
