AudioFundamentalFrequencyType: 541.7669331241952
HarmonicRatio: 0.5884297239371086
UpperLimitOfHarmonicity: 9548.474366993056
AudioPowerType: 0.0753408849102628
AudioSpectrumBasisType: 0.020645062664889708
AudioSpectrumProjectionType: 23.28447982046735
AudioSpectrumCentroidType: -2.945169227995785
AudioSpectrumEnvelopeType: 0.002214446277276056
AudioSpectrumFlatnessType: 0.7516733915451776
AudioSpectrumSpreadType: 2.528800930013359
LogAttackTimeType: 2.2895427
SpectralCentroidType: 645.621
TemporalCentroidType: 123.361176
HarmonicSpectralCentroidType: 1866.2565
HarmonicSpectralDeviationType: 0.1835311
HarmonicSpectralSpreadType: 0.76238304
HarmonicSpectralVariationType: 0.1515197
BackgroundNoiseLevel: -89.1775
DcOffset: -3.0E-4
BandWidth: 10486.6699
