AudioFundamentalFrequencyType: 793.5700661928846
HarmonicRatio: 0.5395267061055208
UpperLimitOfHarmonicity: 9511.644011128465
AudioPowerType: 0.06333043313455329
AudioSpectrumBasisType: 0.019376162040441167
AudioSpectrumProjectionType: 22.762076621733904
AudioSpectrumCentroidType: -2.9451724584920242
AudioSpectrumEnvelopeType: 0.0018614510223919003
AudioSpectrumFlatnessType: 0.7671762783107171
AudioSpectrumSpreadType: 2.5506440061734437
LogAttackTimeType: 1.7874765
SpectralCentroidType: 747.1995
TemporalCentroidType: 102.5845
HarmonicSpectralCentroidType: NaN
HarmonicSpectralDeviationType: NaN
HarmonicSpectralSpreadType: NaN
HarmonicSpectralVariationType: NaN
BackgroundNoiseLevel: -88.8646
DcOffset: 0.0014
BandWidth: 12596.9238
