AudioFundamentalFrequencyType: 418.4522874857251
HarmonicRatio: 0.7969548269821938
UpperLimitOfHarmonicity: 6249.951625386997
AudioPowerType: 0.08723298943641722
AudioSpectrumBasisType: 0.017450313728566175
AudioSpectrumProjectionType: 22.858194520061065
AudioSpectrumCentroidType: -3.059530440017599
AudioSpectrumEnvelopeType: 0.002563973728603008
AudioSpectrumFlatnessType: 0.7432794038010886
AudioSpectrumSpreadType: 2.4122542598657386
LogAttackTimeType: 1.3857704
SpectralCentroidType: 571.26227
TemporalCentroidType: 133.9295
HarmonicSpectralCentroidType: 1595.291
HarmonicSpectralDeviationType: 0.19541755
HarmonicSpectralSpreadType: 0.8534879
HarmonicSpectralVariationType: 0.18092056
BackgroundNoiseLevel: -110.2213
DcOffset: 0.0
BandWidth: 12726.123
