AudioFundamentalFrequencyType: 828.4705350138784
HarmonicRatio: 0.5647846026995256
UpperLimitOfHarmonicity: 9926.471223110322
AudioPowerType: 0.0715691990026179
AudioSpectrumBasisType: 0.02254075923308823
AudioSpectrumProjectionType: 25.840152579166087
AudioSpectrumCentroidType: -2.8439999044580873
AudioSpectrumEnvelopeType: 0.0021036231129550457
AudioSpectrumFlatnessType: 0.7612386810279907
AudioSpectrumSpreadType: 2.608660636895068
LogAttackTimeType: 1.598191
SpectralCentroidType: 710.20575
TemporalCentroidType: 105.589066
HarmonicSpectralCentroidType: NaN
HarmonicSpectralDeviationType: NaN
HarmonicSpectralSpreadType: NaN
HarmonicSpectralVariationType: NaN
BackgroundNoiseLevel: -105.2822
DcOffset: -2.0E-4
BandWidth: 11003.4668
