AudioFundamentalFrequencyType: 977.7099536421001
HarmonicRatio: 0.5757800435778725
UpperLimitOfHarmonicity: 9696.464175456651
AudioPowerType: 0.03402367090484506
AudioSpectrumBasisType: 0.02081162743970588
AudioSpectrumProjectionType: 28.45220352827875
AudioSpectrumCentroidType: -2.99944738846178
AudioSpectrumEnvelopeType: 0.0010000584139611215
AudioSpectrumFlatnessType: 0.7679503957387372
AudioSpectrumSpreadType: 2.486225616864906
LogAttackTimeType: 1.7463297
SpectralCentroidType: 669.1742
TemporalCentroidType: 98.723015
HarmonicSpectralCentroidType: NaN
HarmonicSpectralDeviationType: NaN
HarmonicSpectralSpreadType: NaN
HarmonicSpectralVariationType: NaN
BackgroundNoiseLevel: -104.499
DcOffset: 0.0
BandWidth: 11864.7949
