AudioFundamentalFrequencyType: 873.7734220067401
HarmonicRatio: 0.5791367896346982
UpperLimitOfHarmonicity: 7947.0997616984405
AudioPowerType: 0.11276529540304854
AudioSpectrumBasisType: 0.019535340552205883
AudioSpectrumProjectionType: 22.135557557179897
AudioSpectrumCentroidType: -3.064588125029244
AudioSpectrumEnvelopeType: 0.003314360078525753
AudioSpectrumFlatnessType: 0.7600996256418685
AudioSpectrumSpreadType: 2.4468425402859317
LogAttackTimeType: 2.1324909
SpectralCentroidType: 616.1087
TemporalCentroidType: 127.23251
HarmonicSpectralCentroidType: NaN
HarmonicSpectralDeviationType: NaN
HarmonicSpectralSpreadType: NaN
HarmonicSpectralVariationType: NaN
BackgroundNoiseLevel: -118.0028
DcOffset: 0.0
BandWidth: 12058.5938
