AudioFundamentalFrequencyType: 1172.3182311721728
HarmonicRatio: 0.5780139948852928
UpperLimitOfHarmonicity: 12478.896888985131
AudioPowerType: 0.05410039493336464
AudioSpectrumBasisType: 0.020856014165661765
AudioSpectrumProjectionType: 23.179083186630915
AudioSpectrumCentroidType: -2.6551213321407303
AudioSpectrumEnvelopeType: 0.001590101780790484
AudioSpectrumFlatnessType: 0.7555819083390426
AudioSpectrumSpreadType: 2.839612141008736
LogAttackTimeType: 2.4450116
SpectralCentroidType: 902.1424
TemporalCentroidType: 181.99806
HarmonicSpectralCentroidType: 2994.0227
HarmonicSpectralDeviationType: 0.18818493
HarmonicSpectralSpreadType: 0.62359023
HarmonicSpectralVariationType: 0.1713288
BackgroundNoiseLevel: -107.2011
DcOffset: -1.0E-4
BandWidth: 11240.332
