AudioFundamentalFrequencyType: 370.0359014414161
HarmonicRatio: 0.8069255036012927
UpperLimitOfHarmonicity: 4931.425686591277
AudioPowerType: 0.057678294674188765
AudioSpectrumBasisType: 0.019433129566911768
AudioSpectrumProjectionType: 28.5634757721346
AudioSpectrumCentroidType: -3.644671729468853
AudioSpectrumEnvelopeType: 0.0016952596248601902
AudioSpectrumFlatnessType: 0.7534165109096688
AudioSpectrumSpreadType: 2.1400729117633213
LogAttackTimeType: 1.4973779
SpectralCentroidType: 377.54825
TemporalCentroidType: 162.28986
HarmonicSpectralCentroidType: NaN
HarmonicSpectralDeviationType: NaN
HarmonicSpectralSpreadType: NaN
HarmonicSpectralVariationType: NaN
BackgroundNoiseLevel: -99.8835
DcOffset: 2.0E-4
BandWidth: 10788.1348
