AudioFundamentalFrequencyType: 292.46273846427323
HarmonicRatio: 0.5778432969800676
UpperLimitOfHarmonicity: 5855.772967317656
AudioPowerType: 0.05290281716483248
AudioSpectrumBasisType: 0.018467957224007354
AudioSpectrumProjectionType: 26.526118016820938
AudioSpectrumCentroidType: -3.3113331922412454
AudioSpectrumEnvelopeType: 0.0015549217167315703
AudioSpectrumFlatnessType: 0.7545120120355939
AudioSpectrumSpreadType: 2.11296071645359
LogAttackTimeType: 2.0725145
SpectralCentroidType: 459.15967
TemporalCentroidType: 135.04189
HarmonicSpectralCentroidType: NaN
HarmonicSpectralDeviationType: NaN
HarmonicSpectralSpreadType: NaN
HarmonicSpectralVariationType: NaN
BackgroundNoiseLevel: -111.5122
DcOffset: 5.0E-4
BandWidth: 13738.1836
