AudioFundamentalFrequencyType: 175.99010491790793
HarmonicRatio: 0.8421042383191136
UpperLimitOfHarmonicity: 4347.009525554131
AudioPowerType: 0.05866700709932578
AudioSpectrumBasisType: 0.019422696457977947
AudioSpectrumProjectionType: 26.589379302100976
AudioSpectrumCentroidType: -3.602196062492077
AudioSpectrumEnvelopeType: 0.001724332951902224
AudioSpectrumFlatnessType: 0.7304747796379696
AudioSpectrumSpreadType: 2.115331164891196
LogAttackTimeType: 2.1686587
SpectralCentroidType: 402.84576
TemporalCentroidType: 152.43846
HarmonicSpectralCentroidType: NaN
HarmonicSpectralDeviationType: NaN
HarmonicSpectralSpreadType: NaN
HarmonicSpectralVariationType: NaN
BackgroundNoiseLevel: -113.1123
DcOffset: -1.0E-4
BandWidth: 15267.041
