AudioFundamentalFrequencyType: 270.44212385099667
HarmonicRatio: 0.5464802060273668
UpperLimitOfHarmonicity: 5707.313000890472
AudioPowerType: 0.06396411746278947
AudioSpectrumBasisType: 0.017318891818970592
AudioSpectrumProjectionType: 25.469118025504237
AudioSpectrumCentroidType: -3.2078460121567094
AudioSpectrumEnvelopeType: 0.0018800578247380258
AudioSpectrumFlatnessType: 0.7604621128508797
AudioSpectrumSpreadType: 2.1534394728131394
LogAttackTimeType: 2.1470654
SpectralCentroidType: 473.13242
TemporalCentroidType: 133.50452
HarmonicSpectralCentroidType: 1069.9115
HarmonicSpectralDeviationType: 0.1774189
HarmonicSpectralSpreadType: 0.8355118
HarmonicSpectralVariationType: 0.1689519
BackgroundNoiseLevel: -113.2316
DcOffset: 7.0E-4
BandWidth: 14534.9121
