AudioFundamentalFrequencyType: 531.1879190623911
HarmonicRatio: 0.5841966838503975
UpperLimitOfHarmonicity: 9635.632466188363
AudioPowerType: 0.08502015511768767
AudioSpectrumBasisType: 0.021585111081911766
AudioSpectrumProjectionType: 23.76013432979266
AudioSpectrumCentroidType: -3.4709283638765527
AudioSpectrumEnvelopeType: 0.002498827880263765
AudioSpectrumFlatnessType: 0.7458988491079869
AudioSpectrumSpreadType: 2.4338388506947948
LogAttackTimeType: 2.4638429
SpectralCentroidType: 551.59546
TemporalCentroidType: 288.7693
HarmonicSpectralCentroidType: NaN
HarmonicSpectralDeviationType: NaN
HarmonicSpectralSpreadType: NaN
HarmonicSpectralVariationType: NaN
BackgroundNoiseLevel: -114.9925
DcOffset: -1.0E-4
BandWidth: 10658.9355
