AudioFundamentalFrequencyType: 735.5258505315576
HarmonicRatio: 0.618020872432077
UpperLimitOfHarmonicity: 9640.860208922544
AudioPowerType: 0.023342019629164584
AudioSpectrumBasisType: 0.0193327170577206
AudioSpectrumProjectionType: 26.805049455190797
AudioSpectrumCentroidType: -3.149560123201114
AudioSpectrumEnvelopeType: 6.860830863604504E-4
AudioSpectrumFlatnessType: 0.7493684589999876
AudioSpectrumSpreadType: 2.4201098024328256
LogAttackTimeType: 2.2926018
SpectralCentroidType: 693.1566
TemporalCentroidType: 110.22363
HarmonicSpectralCentroidType: NaN
HarmonicSpectralDeviationType: NaN
HarmonicSpectralSpreadType: NaN
HarmonicSpectralVariationType: NaN
BackgroundNoiseLevel: -114.0557
DcOffset: 0.0024
BandWidth: 11886.3281
