AudioFundamentalFrequencyType: 732.1370350617875
HarmonicRatio: 0.5880281453952527
UpperLimitOfHarmonicity: 10449.690024180687
AudioPowerType: 0.09571784783961441
AudioSpectrumBasisType: 0.020854850066433814
AudioSpectrumProjectionType: 24.183610531431707
AudioSpectrumCentroidType: -3.497362105413613
AudioSpectrumEnvelopeType: 0.002813412588837645
AudioSpectrumFlatnessType: 0.7411604748244535
AudioSpectrumSpreadType: 2.426884329947011
LogAttackTimeType: 1.5971515
SpectralCentroidType: 813.02673
TemporalCentroidType: 97.591675
HarmonicSpectralCentroidType: NaN
HarmonicSpectralDeviationType: NaN
HarmonicSpectralSpreadType: NaN
HarmonicSpectralVariationType: NaN
BackgroundNoiseLevel: -108.4604
DcOffset: 3.0E-4
BandWidth: 15633.1055
