AudioFundamentalFrequencyType: 761.9655322564304
HarmonicRatio: 0.8195149752040547
UpperLimitOfHarmonicity: 5223.392996397935
AudioPowerType: 0.07102203980501028
AudioSpectrumBasisType: 0.02252583997727941
AudioSpectrumProjectionType: 24.599185703837897
AudioSpectrumCentroidType: -3.3948936116441355
AudioSpectrumEnvelopeType: 0.0020874754573868156
AudioSpectrumFlatnessType: 0.7149119766318427
AudioSpectrumSpreadType: 2.5264134053126326
LogAttackTimeType: 2.3569503
SpectralCentroidType: 720.7152
TemporalCentroidType: 139.28128
HarmonicSpectralCentroidType: 2243.0925
HarmonicSpectralDeviationType: 0.20817909
HarmonicSpectralSpreadType: 0.81090623
HarmonicSpectralVariationType: 0.20581976
BackgroundNoiseLevel: -99.8736
DcOffset: -1.0E-4
BandWidth: 21899.2676
