AudioFundamentalFrequencyType: 412.1526615766477
HarmonicRatio: 0.582383048841697
UpperLimitOfHarmonicity: 9572.857852882704
AudioPowerType: 0.06320779124763301
AudioSpectrumBasisType: 0.024276630450992664
AudioSpectrumProjectionType: 24.078072567301664
AudioSpectrumCentroidType: -2.9467775063916335
AudioSpectrumEnvelopeType: 0.0018578406816109508
AudioSpectrumFlatnessType: 0.7397835442936049
AudioSpectrumSpreadType: 2.551756915114678
LogAttackTimeType: 2.0596626
SpectralCentroidType: 747.93146
TemporalCentroidType: 146.68019
HarmonicSpectralCentroidType: 1949.6759
HarmonicSpectralDeviationType: 0.18706308
HarmonicSpectralSpreadType: 0.7750423
HarmonicSpectralVariationType: 0.15719438
BackgroundNoiseLevel: -114.9925
DcOffset: 0.0
BandWidth: 12403.125
