AudioFundamentalFrequencyType: 296.65287157267187
HarmonicRatio: 0.8155034371994454
UpperLimitOfHarmonicity: 5003.95954342834
AudioPowerType: 0.07794411074707618
AudioSpectrumBasisType: 0.02254418992389706
AudioSpectrumProjectionType: 24.578812360545477
AudioSpectrumCentroidType: -3.572480557372973
AudioSpectrumEnvelopeType: 0.0022909052492208633
AudioSpectrumFlatnessType: 0.7282658825266738
AudioSpectrumSpreadType: 2.2688308772952954
LogAttackTimeType: 2.1874082
SpectralCentroidType: 483.7664
TemporalCentroidType: 155.90683
HarmonicSpectralCentroidType: 1562.2972
HarmonicSpectralDeviationType: 0.20755559
HarmonicSpectralSpreadType: 0.90576786
HarmonicSpectralVariationType: 0.20621195
BackgroundNoiseLevel: -119.7538
DcOffset: 0.0
BandWidth: 13888.916
