AudioFundamentalFrequencyType: 526.340874459044
HarmonicRatio: 0.7751994479035352
UpperLimitOfHarmonicity: 4493.379683650979
AudioPowerType: 0.09206376945955068
AudioSpectrumBasisType: 0.022338546178786774
AudioSpectrumProjectionType: 23.028233204216775
AudioSpectrumCentroidType: -3.4863592380088133
AudioSpectrumEnvelopeType: 0.0027059763397365958
AudioSpectrumFlatnessType: 0.7591661885115321
AudioSpectrumSpreadType: 2.3757855898410036
LogAttackTimeType: 2.2024186
SpectralCentroidType: 584.04425
TemporalCentroidType: 115.20003
HarmonicSpectralCentroidType: 1707.4752
HarmonicSpectralDeviationType: 0.18859899
HarmonicSpectralSpreadType: 0.9057348
HarmonicSpectralVariationType: 0.17064302
BackgroundNoiseLevel: -87.562
DcOffset: -1.0E-4
BandWidth: 11046.5332
