AudioFundamentalFrequencyType: 505.0794877216673
HarmonicRatio: 0.8188822721421655
UpperLimitOfHarmonicity: 5823.255791702812
AudioPowerType: 0.09769403069866991
AudioSpectrumBasisType: 0.017301045799999998
AudioSpectrumProjectionType: 24.152014248991044
AudioSpectrumCentroidType: -3.5045833986283568
AudioSpectrumEnvelopeType: 0.0028714952772934273
AudioSpectrumFlatnessType: 0.7367231338745599
AudioSpectrumSpreadType: 2.3562889941433562
LogAttackTimeType: 1.2045814
SpectralCentroidType: 567.22974
TemporalCentroidType: 97.98504
HarmonicSpectralCentroidType: NaN
HarmonicSpectralDeviationType: NaN
HarmonicSpectralSpreadType: NaN
HarmonicSpectralVariationType: NaN
BackgroundNoiseLevel: -106.8732
DcOffset: -1.0E-4
BandWidth: 15826.9043
