AudioFundamentalFrequencyType: 490.9973536441668
HarmonicRatio: 0.7869100636654948
UpperLimitOfHarmonicity: 5173.382807751439
AudioPowerType: 0.11568149301922769
AudioSpectrumBasisType: 0.02249006501790442
AudioSpectrumProjectionType: 22.29309231247655
AudioSpectrumCentroidType: -3.3377954492447914
AudioSpectrumEnvelopeType: 0.0034001297621596587
AudioSpectrumFlatnessType: 0.7366214804455261
AudioSpectrumSpreadType: 2.523030327094952
LogAttackTimeType: 2.3576844
SpectralCentroidType: 585.01355
TemporalCentroidType: 149.6958
HarmonicSpectralCentroidType: NaN
HarmonicSpectralDeviationType: NaN
HarmonicSpectralSpreadType: NaN
HarmonicSpectralVariationType: NaN
BackgroundNoiseLevel: -90.3016
DcOffset: -6.0E-4
BandWidth: 10658.9355
