AudioFundamentalFrequencyType: 540.4853124872562
HarmonicRatio: 0.7853711193203674
UpperLimitOfHarmonicity: 6142.471312050107
AudioPowerType: 0.10862747991981014
AudioSpectrumBasisType: 0.02133349715036765
AudioSpectrumProjectionType: 21.29522934893064
AudioSpectrumCentroidType: -3.096602634530535
AudioSpectrumEnvelopeType: 0.003192881204935108
AudioSpectrumFlatnessType: 0.756019891021022
AudioSpectrumSpreadType: 2.4686372182782486
LogAttackTimeType: 1.9775686
SpectralCentroidType: 597.25824
TemporalCentroidType: 105.094666
HarmonicSpectralCentroidType: 1641.7852
HarmonicSpectralDeviationType: 0.18573853
HarmonicSpectralSpreadType: 0.8985728
HarmonicSpectralVariationType: 0.1346182
BackgroundNoiseLevel: -119.7538
DcOffset: 2.0E-4
BandWidth: 13501.3184
